Episode:  0
rewards:  -24200.0
lr:  0.001
eps:  1
Episode:  5
rewards:  -24200.0
lr:  0.001
eps:  1
Episode:  10
rewards:  0.0
lr:  0.001
eps:  0.9
Episode:  15
rewards:  0.0
lr:  0.001
eps:  0.81
Episode:  20
rewards:  0.0
lr:  0.001
eps:  0.7290000000000001
Episode:  25
rewards:  0.0
lr:  0.001
eps:  0.6561000000000001
Episode:  30
rewards:  0.0
lr:  0.001
eps:  0.5904900000000002
Episode:  35
rewards:  0.0
lr:  0.001
eps:  0.5314410000000002
Episode:  40
rewards:  0.0
lr:  0.001
eps:  0.47829690000000014
Episode:  45
rewards:  0.0
lr:  0.001
eps:  0.43046721000000016
Episode:  50
rewards:  0.0
lr:  0.001
eps:  0.38742048900000015
[[0, -24200.0], [5, -24200.0], [10, 0.0], [15, 0.0], [20, 0.0], [25, 0.0], [30, 0.0], [35, 0.0], [40, 0.0], [45, 0.0], [50, 0.0], [50, 0.0]]
Performance: [[0, -24200.0], [5, -24200.0], [10, 0.0], [15, 0.0], [20, 0.0], [25, 0.0], [30, 0.0], [35, 0.0], [40, 0.0], [45, 0.0], [50, 0.0], [50, 0.0]]
Epsilon: [1, 1, 1, 1, 1, 1, 0.9, 0.9, 0.9, 0.9, 0.9, 0.81, 0.81, 0.81, 0.81, 0.81, 0.7290000000000001, 0.7290000000000001, 0.7290000000000001, 0.7290000000000001, 0.7290000000000001, 0.6561000000000001, 0.6561000000000001, 0.6561000000000001, 0.6561000000000001, 0.6561000000000001, 0.5904900000000002, 0.5904900000000002, 0.5904900000000002, 0.5904900000000002, 0.5904900000000002, 0.5314410000000002, 0.5314410000000002, 0.5314410000000002, 0.5314410000000002, 0.5314410000000002, 0.47829690000000014, 0.47829690000000014, 0.47829690000000014, 0.47829690000000014, 0.47829690000000014, 0.43046721000000016, 0.43046721000000016, 0.43046721000000016, 0.43046721000000016, 0.43046721000000016, 0.38742048900000015, 0.38742048900000015, 0.38742048900000015, 0.38742048900000015, 0.38742048900000015]
Steps:  [40, 62, 8, 21, 10, 27, 35, 54, 82, 63, 18, 28, 9, 67, 2, 58, 1, 113, 31, 44, 59, 58, 52, 24, 3, 70, 18, 113, 9, 77, 18, 3, 28, 80, 22, 24, 200, 7, 8, 170, 53, 33, 3, 101, 19, 1, 46, 5, 98, 11, 95]
