Episode:  0
rewards:  -128000.0
lr:  0.001
eps:  1
Episode:  5
rewards:  -128000.0
lr:  0.001
eps:  1
Episode:  10
rewards:  0.0
lr:  0.001
eps:  0.9
Episode:  15
rewards:  0.0
lr:  0.001
eps:  0.81
Episode:  20
rewards:  0.0
lr:  0.001
eps:  0.7290000000000001
Episode:  25
rewards:  0.0
lr:  0.001
eps:  0.6561000000000001
Episode:  30
rewards:  0.0
lr:  0.001
eps:  0.5904900000000002
Episode:  35
rewards:  0.0
lr:  0.001
eps:  0.5314410000000002
Episode:  40
rewards:  0.0
lr:  0.001
eps:  0.47829690000000014
Episode:  45
rewards:  0.0
lr:  0.001
eps:  0.43046721000000016
Episode:  50
rewards:  0.0
lr:  0.001
eps:  0.38742048900000015
[[0, -128000.0], [5, -128000.0], [10, 0.0], [15, 0.0], [20, 0.0], [25, 0.0], [30, 0.0], [35, 0.0], [40, 0.0], [45, 0.0], [50, 0.0], [50, 0.0]]
Performance: [[0, -128000.0], [5, -128000.0], [10, 0.0], [15, 0.0], [20, 0.0], [25, 0.0], [30, 0.0], [35, 0.0], [40, 0.0], [45, 0.0], [50, 0.0], [50, 0.0]]
Epsilon: [1, 1, 1, 1, 1, 1, 0.9, 0.9, 0.9, 0.9, 0.9, 0.81, 0.81, 0.81, 0.81, 0.81, 0.7290000000000001, 0.7290000000000001, 0.7290000000000001, 0.7290000000000001, 0.7290000000000001, 0.6561000000000001, 0.6561000000000001, 0.6561000000000001, 0.6561000000000001, 0.6561000000000001, 0.5904900000000002, 0.5904900000000002, 0.5904900000000002, 0.5904900000000002, 0.5904900000000002, 0.5314410000000002, 0.5314410000000002, 0.5314410000000002, 0.5314410000000002, 0.5314410000000002, 0.47829690000000014, 0.47829690000000014, 0.47829690000000014, 0.47829690000000014, 0.47829690000000014, 0.43046721000000016, 0.43046721000000016, 0.43046721000000016, 0.43046721000000016, 0.43046721000000016, 0.38742048900000015, 0.38742048900000015, 0.38742048900000015, 0.38742048900000015, 0.38742048900000015]
Steps:  [13022, 25600, 25600, 18002, 25600, 25600, 25600, 9174, 25600, 25600, 25600, 25600, 25600, 25600, 25600, 25600, 25600, 25600, 25600, 18090, 25600, 25600, 25600, 25600, 25600, 25600, 25600, 25600, 25600, 25600, 25600, 19514, 25600, 25600, 25600, 25600, 25600, 25600, 25600, 25600, 25600, 25600, 25600, 25600, 25600, 25600, 25600, 25600, 25600, 25600, 25600]
